3 2,0 0
3 2,0 0
18 12,0 0
3 2,0 0
1 17,0 0
3 2,0 0
18 12,0 0
15 12,0 0
18 12,0 0
18 12,0 0
18 12,0 0
3 2,0 0
18 12,0 0
5 17,0 0
12 18,0 0
18 12,0 0
18 19,0 0
3 2,0 0
3 2,0 0
18 12,0 0
1 17,0 0
3 2,0 0
15 12,0 0
18 19,0 0
1 17,0 0
15 12,0 0
18 12,0 0
18 12,0 0
18 19,0 0
18 12,0 0
3 2,0 0
1 17,0 0
3 2,0 0
3 2,0 0
18 12,0 0
3 2,0 0
18 12,0 0
0 12,0 0
15 12,0 0
3 19,4 0
2 14,0 0
3 2,0 0
3 2,0 0
3 19,4 0
18 12,0 0
18 12,0 0
18 19,0 0
3 2,0 0
3 2,0 0
3 2,0 0
1 17,0 0
1 17,0 0
3 2,0 0
24 20,0 0
0 12,0 0
3 2,0 0
3 2,0 0
3 2,0 0
18 12,0 0
0 11,0 0
18 19,0 0
5 17,0 0
3 2,0 0
3 2,0 0
18 22,0 0
3 2,0 0
18 19,0 0
5 17,0 0
3 2,0 0
3 2,0 0
18 12,0 0
18 12,0 0
1 17,0 0
3 19,4 0
5 17,0 0
3 2,0 0
15 12,0 0
3 2,0 0
1 17,0 0
1 17,0 0
15 12,0 0
5 17,0 0
3 2,0 0
18 12,0 0
18 15,0 0
3 2,0 0
5 17,0 0
3 2,0 0
3 2,0 0
0 12,0 0
3 2,0 0
24 4,0 0
3 19,4 0
3 2,0 0
3 2,0 0
1 17,0 0
3 2,0 0
1 17,0 0
0 12,0 0
3 2,0 0
5 17,0 0
3 2,0 0
18 12,0 0
18 22,0 0
18 12,0 0
3 19,4 0
18 12,0 0
3 2,0 0
3 2,0 0
3 2,0 0
3 2,0 0
0 11,0 0
1 17,0 0
3 2,0 0
3 19,4 0
18 12,0 0
3 2,0 0
1 17,0 0
3 2,0 0
1 17,0 0
18 12,0 0
15 12,0 0
15 12,0 0
18 12,0 0
18 12,0 0
18 12,0 0
15 12,0 0
1 17,0 0
3 2,0 0
18 12,0 0
3 2,0 0
3 2,0 0
3 2,0 0
3 2,0 0
18 22,0 0
3 2,0 0
0 12,0 0
5 17,0 0
18 12,0 0
3 19,4 0
9 7,0 0
18 22,0 0
18 12,0 0
3 2,0 0
1 17,0 0
18 12,0 0
15 12,0 0
3 2,0 0
18 12,0 0
1 17,0 0
3 2,0 0
3 19,4 0
18 12,0 0
15 12,0 0
1 17,0 0
18 12,0 0
0 12,0 0
1 17,0 0
3 19,4 0
8 12,0 0
1 17,0 0
3 2,0 0
1 17,0 0
3 2,0 0
18 12,0 0
15 12,0 0
18 12,0 0
18 12,0 0
3 2,0 0
1 17,0 0
0 11,0 0
0 12,0 0
15 12,0 0
18 12,0 0
3 2,0 0
18 12,0 0
1 17,0 0
0 12,0 0
1 17,0 0
1 17,0 0
3 2,0 0
3 2,0 0
3 2,0 0
3 2,0 0
1 17,0 0
3 2,0 0
3 2,0 0
3 2,0 0
8 8,0 0
1 17,0 0
18 12,0 0
18 12,0 0
3 19,4 0
18 12,0 0
18 12,0 0
18 12,0 0
1 17,0 0
18 22,0 0
1 17,0 0
18 12,0 0
3 2,0 0
3 19,4 0
18 12,0 0
3 2,0 0
1 17,0 0
18 12,0 0
5 17,0 0
3 2,0 0
15 12,0 0
1 17,0 0
18 19,0 0
1 17,0 0
3 2,0 0
5 17,0 0
0 11,0 0
3 2,0 0
5 17,0 0
3 19,4 0
18 12,0 0
3 2,0 0
1 17,0 0
1 17,0 0
18 12,0 0
15 12,0 0
3 2,0 0
18 12,0 0
18 12,0 0
3 2,0 0
8 21,0 0
1 17,0 0
3 2,0 0
1 17,0 0
1 17,0 0
18 12,0 0
3 2,0 0
5 17,0 0
0 11,0 0
3 2,0 0
1 17,0 0
0 11,0 0
18 12,0 0
3 2,0 0
18 14,0 6
18 12,0 0
5 17,0 0
1 17,0 0
1 17,0 0
5 17,0 0
3 2,0 0
5 17,0 0
18 12,0 0
15 12,0 0
3 2,0 0
3 2,0 0
18 12,0 0
18 12,0 0
3 2,0 0
18 19,0 0
3 2,0 0
1 8,0 13
18 12,0 0
1 17,0 0
18 12,0 0
18 12,0 0
5 17,0 0
18 12,0 0
3 2,0 0
3 19,4 0
5 17,0 0
19 13,0 0
3 2,0 0
18 22,0 0
21 4,0 10
8 8,0 0
1 17,0 0
1 17,0 0
1 17,0 0
15 12,0 0
15 12,0 0
18 12,0 0
18 12,0 0
1 17,0 0
3 2,0 0
0 12,0 0
15 12,0 0
3 2,0 0
18 12,0 0
1 17,0 0
18 12,0 0
18 19,0 0
3 2,0 0
5 17,0 0
3 2,0 0
18 12,0 0
3 2,0 0
3 2,0 0
19 17,0 0
3 2,0 0
1 17,0 0
1 17,0 0
18 12,0 0
12 18,0 0
1 17,0 0
18 12,0 0
1 17,0 0
18 19,0 0
13 14,0 5
3 2,0 0
18 12,0 0
15 12,0 0
3 2,0 0
0 11,0 0
18 12,0 0
18 12,0 0
1 17,0 0
3 2,0 0
18 12,0 0
1 17,0 0
18 12,0 0
3 2,0 0
3 2,0 0
3 2,0 0
5 17,0 0
3 3,0 4
5 17,0 0
18 19,0 0
3 2,0 0
3 2,0 0
1 17,0 0
18 12,0 0
18 12,0 0
1 17,0 0
3 19,4 0
3 19,4 0
0 12,0 0
18 12,0 0
3 2,0 0
1 17,0 0
3 19,4 0
3 19,4 0
18 12,0 0
8 8,0 0
18 12,0 0
8 8,0 0
5 17,0 0
3 2,0 0
3 2,0 0
3 2,0 0
3 19,4 0
14 8,1 0
0 12,0 0
18 12,0 0
4 12,0 0
1 17,0 0
18 19,0 0
18 12,0 0
8 8,0 0
3 2,0 0
3 2,0 0
18 12,0 0
3 2,0 0
12 18,0 0
18 12,0 0
3 2,0 0
3 2,0 0
1 17,0 0
18 19,0 0
1 17,0 0
3 2,0 0
11 24,0 5
3 2,0 0
1 17,0 0
1 17,0 0
18 12,0 0
18 12,0 0
3 2,0 0
18 19,0 0
3 2,0 0
18 12,0 0
18 12,0 0
18 12,0 0
3 19,4 0
15 12,0 0
1 17,0 0
3 2,0 0
3 2,0 0
5 17,0 0
3 2,0 0
18 19,0 0
3 2,0 0
3 19,4 0
3 19,4 0
18 12,0 0
0 11,0 0
4 23,0 0
18 12,0 0
18 12,0 0
3 2,0 0
18 12,0 0
1 17,0 0
18 22,0 0
0 12,0 0
3 2,0 0
19 17,0 0
18 12,0 0
3 2,0 0
18 12,0 0
18 12,0 0
1 17,0 0
3 2,0 0
3 2,0 0
18 12,0 0
14 10,0 0
12 18,0 0
0 12,0 0
0 12,0 0
3 2,0 0
3 2,0 0
5 17,0 0
3 2,0 0
3 2,0 0
0 12,0 0
21 8,0 0
18 12,0 0
3 2,0 0
3 2,0 0
18 12,0 0
3 19,4 0
18 12,0 0
3 2,0 0
1 17,0 0
3 2,0 0
19 23,0 0
1 17,0 0
15 12,0 0
5 17,0 0
3 2,0 0
1 17,0 0
5 17,0 0
3 19,4 0
18 19,0 0
1 17,0 0
18 12,0 0
3 2,0 0
5 17,0 0
5 17,0 0
15 12,0 0
1 17,0 0
1 17,0 0
1 17,0 0
1 17,0 0
3 2,0 0
1 17,0 0
1 17,0 0
11 24,0 0
3 19,4 0
3 2,0 0
18 12,0 0
3 2,0 0
3 19,4 0
18 12,0 0
3 2,0 0
18 12,0 0
15 12,0 0
1 17,0 0
18 12,0 0
3 2,0 0
18 12,0 0
12 18,0 0
18 12,0 0
15 12,0 0
3 2,0 0
3 2,0 0
18 12,0 0
1 17,0 0
14 7,0 0
1 14,0 22
18 12,0 0
18 12,0 0
3 19,4 0
3 2,0 0
18 12,0 0
3 2,0 0
3 2,0 0
3 2,0 0
0 12,0 0
1 17,0 0
18 12,0 0
3 2,0 0
0 12,0 0
18 12,0 0
18 12,0 0
3 2,0 0
1 17,0 0
18 12,0 0
3 2,0 0
3 2,0 0
18 12,0 0
18 12,0 0
18 19,0 0
18 12,0 0
18 12,0 0
18 12,0 0
18 12,0 0
5 17,0 0
15 12,0 0
3 2,0 0
0 12,0 0
3 2,0 0
18 12,0 0
3 2,0 0
18 22,0 0
18 22,0 0
3 2,0 0
1 17,0 0
18 12,0 0
3 2,0 0
1 17,0 0
18 19,0 0
3 19,4 0
18 12,0 0
3 2,0 0
15 12,0 0
18 12,0 0
3 2,0 0
3 2,0 0
18 12,0 0
3 2,0 0
3 2,0 0
3 2,0 0
3 2,0 0
3 2,0 0
18 19,0 0
3 2,0 0
3 2,0 0
3 2,0 0
18 19,0 0
3 2,0 0
3 2,0 0
18 12,0 0
1 17,0 0
18 12,0 0
0 11,0 0
18 12,0 0
3 2,0 0
1 17,0 0
18 12,0 0
7 8,0 0
18 12,0 0
8 21,0 0
18 12,0 0
3 2,0 0
1 17,0 0
18 12,0 0
3 2,0 0
18 12,0 0
3 2,0 0
3 2,0 0
3 2,0 0
1 17,0 0
18 12,0 0
1 17,0 0
3 2,0 0
1 17,0 0
3 2,0 0
3 2,0 0
3 2,0 0
3 2,0 0
18 12,0 0
18 12,0 0
15 12,0 0
18 12,0 0
3 2,0 0
18 19,0 0
15 12,0 0
13 14,0 0
3 2,0 0
18 12,0 0
18 12,0 0
0 12,0 0
1 17,0 0
18 22,0 0
3 2,0 0
3 2,0 0
1 17,0 0
3 2,0 0
3 2,0 0
18 12,0 0
18 19,0 0
18 19,0 0
3 19,4 0
3 2,0 0
1 17,0 0
3 2,0 0
1 17,0 0
3 2,0 0
18 12,0 0
1 17,0 0
1 17,0 0
18 12,0 0
2 20,0 21
18 12,0 0
18 12,0 0
5 17,0 0
15 12,0 0
18 12,0 0
3 2,0 0
21 14,0 15
1 17,0 0
18 12,0 0
3 2,0 0
8 21,0 0
18 19,0 0
18 12,0 0
18 12,0 0
18 19,0 0
18 22,0 0
18 12,0 0
18 19,0 0
3 2,0 0
3 2,0 0
18 12,0 0
5 17,0 0
1 17,0 0
3 2,0 0
18 22,0 0
3 2,0 0
3 2,0 0
18 19,0 0
18 12,0 0
3 2,0 0
1 17,0 0
3 2,0 0
3 2,0 0
18 12,0 0
18 12,0 0
15 12,0 0
18 12,0 0
5 17,0 0
15 12,0 0
1 17,0 0
18 12,0 0
18 12,0 0
3 2,0 0
18 12,0 0
15 12,0 0
1 17,0 0
3 2,0 0
1 17,0 0
18 12,0 0
3 2,0 0
3 2,0 0
1 17,0 0
18 12,0 0
1 17,0 0
18 12,0 0
3 2,0 0
3 2,0 0
3 19,4 0
3 2,0 0
18 22,0 0
10 19,0 0
18 12,0 0
15 12,0 0
18 12,0 0
18 19,0 0
0 25,0 0
3 2,0 0
3 2,0 0
1 17,0 0
18 12,0 0
1 17,0 0
18 12,0 0
18 19,0 0
15 12,0 0
3 2,0 0
3 4,4 13
8 8,0 0
1 17,0 0
1 17,0 0
3 2,0 0
18 12,0 0
5 17,0 0
3 19,4 0
3 2,0 0
3 2,0 0
5 17,0 0
3 2,0 0
5 11,0 0
1 17,0 0
18 12,0 0
18 19,0 0
5 17,0 0
3 2,0 0
18 12,0 0
3 19,4 0
6 14,0 0
3 2,0 0
1 17,0 0
15 12,0 0
3 19,4 0
18 12,0 0
2 0,0 13
3 2,0 0
15 12,0 0
0 12,0 0
1 17,0 0
18 12,0 0
18 12,0 0
15 12,0 0
3 2,0 0
18 12,0 0
3 2,0 0
8 8,0 0
18 12,0 0
1 17,0 0
1 17,0 0
3 2,0 0
1 17,0 0
18 12,0 0
5 17,0 0
3 2,0 0
18 12,0 0
3 2,0 0
0 11,0 0
1 17,0 0
1 17,0 0
4 23,0 0
18 12,0 0
0 12,0 0
15 12,0 0
18 19,0 0
3 2,0 0
3 19,4 0
18 12,0 0
18 12,0 0
1 17,0 0
18 12,0 0
18 12,0 0
1 17,0 0
1 17,0 0
18 12,0 0
18 12,0 0
3 2,0 0
5 17,0 0
18 12,0 0
3 19,4 0
13 14,0 0
3 19,4 0
3 2,0 0
18 12,0 0
5 17,0 0
18 12,0 0
18 12,0 0
1 17,0 0
1 17,0 0
3 2,0 0
18 12,0 0
1 17,0 0
18 12,0 0
18 12,0 0
3 2,0 0
3 0,4 17
18 12,0 0
11 19,0 0
5 17,0 0
18 19,0 0
18 12,0 0
18 12,0 0
1 17,0 0
18 12,0 0
0 18,0 0
3 2,0 0
1 17,0 0
15 12,0 0
3 2,0 0
5 17,0 0
3 2,0 0
1 17,0 0
3 2,0 0
18 12,0 0
1 17,0 0
5 17,0 0
15 12,0 0
3 2,0 0
18 12,0 0
0 11,0 0
18 12,0 0
3 2,0 0
3 19,4 0
3 2,0 0
15 12,0 0
18 12,0 0
3 2,0 0
3 2,0 0
18 12,0 0
15 12,0 0
3 2,0 0
1 17,0 0
18 12,0 0
3 2,0 0
1 17,0 0
18 12,0 0
3 2,0 0
1 17,0 0
18 12,0 0
18 19,0 0
18 12,0 0
0 11,0 0
18 12,0 0
3 2,0 0
18 12,0 0
3 2,0 0
18 12,0 0
3 2,0 0
3 19,4 0
1 17,0 0
3 2,0 0
1 17,0 0
2 14,0 0
3 2,0 0
5 17,0 0
1 17,0 0
3 2,0 0
5 17,0 0
3 2,0 0
18 12,0 0
0 12,0 0
3 19,4 0
5 17,0 0
15 12,0 0
21 8,0 0
3 2,0 0
18 12,0 0
18 12,0 0
18 19,0 0
3 2,0 0
1 17,0 0
3 2,0 0
15 12,0 0
18 19,0 0
0 11,0 0
0 12,0 0
18 12,0 0
5 17,0 0
18 12,0 0
18 12,0 0
3 19,4 0
18 12,0 0
18 12,0 0
5 17,0 0
3 2,0 0
5 17,0 0
0 12,0 0
3 2,0 0
3 19,4 0
0 12,0 0
18 19,0 0
18 12,0 0
18 12,0 0
18 12,0 0
1 17,0 0
1 17,0 0
5 17,0 0
18 12,0 0
15 12,0 0
3 19,4 0
15 12,0 0
18 12,0 0
3 2,0 0
15 12,0 0
1 17,0 0
5 17,0 0
5 17,0 0
15 12,0 0
18 12,0 0
15 12,0 0
1 17,0 0
3 2,0 0
1 17,0 0
3 2,0 0
18 12,0 0
3 2,0 0
1 17,0 0
1 17,0 0
1 17,0 0
18 12,0 0
3 2,0 0
15 15,0 0
1 17,0 0
5 17,0 0
18 12,0 0
3 2,0 0
18 12,0 0
1 17,0 0
18 12,0 0
15 12,0 0
3 2,0 0
1 17,0 0
1 17,0 0
0 11,0 0
18 22,0 0
3 2,0 0
18 12,0 0
8 8,0 0
3 19,4 0
18 12,0 0
3 2,0 0
3 2,0 0
18 19,0 0
14 7,0 0
1 17,0 0
3 2,0 0
3 19,4 0
15 12,0 0
3 2,0 0
1 17,0 0
0 12,0 0
1 17,0 0
15 12,0 0
18 22,0 0
3 2,0 0
18 12,0 0
1 17,0 0
3 2,0 0
3 2,0 0
18 12,0 0
3 2,0 0
15 12,0 0
1 17,0 0
3 2,0 0
0 11,0 0
3 2,0 0
3 2,0 0
3 2,0 0
3 2,0 0
18 12,0 0
18 22,0 0
3 2,0 0
3 2,0 0
3 2,0 0
15 12,0 0
18 12,0 0
18 12,0 0
18 12,0 0
18 19,0 0
0 12,0 0
3 2,0 0
3 19,4 0
18 22,0 0
3 2,0 0
3 2,0 0
1 17,0 0
1 17,0 0
8 8,0 0
18 22,0 0
18 12,0 0
0 12,0 0
18 12,0 0
1 17,0 0
3 2,0 0
1 17,0 0
18 19,0 0
18 12,0 0
1 17,0 0
5 17,0 0
3 2,0 0
3 2,0 0
15 12,0 0
1 17,0 0
3 2,0 0
18 19,0 0
3 2,0 0
3 2,0 0
11 3,0 4
1 17,0 0
5 17,0 0
18 12,0 0
3 2,0 0
3 2,0 0
3 2,0 0
3 2,0 0
12 18,0 0
3 2,0 0
18 12,0 0
1 17,0 0
3 2,0 0
15 12,0 0
1 17,0 0
1 17,0 0
3 2,0 0
18 12,0 0
18 12,0 0
3 2,0 0
5 17,0 0
1 17,0 0
18 12,0 0
3 2,0 0
3 2,0 0
18 12,0 0
3 2,0 0
3 2,0 0
18 12,0 0
18 19,0 0
0 12,0 0
18 19,0 0
18 12,0 0
5 17,0 0
18 19,0 0
0 11,0 0
1 17,0 0
3 2,0 0
1 17,0 0
3 2,0 0
18 12,0 0
18 19,0 0
18 12,0 0
18 12,0 0
18 12,0 0
3 2,0 0
1 17,0 0
8 8,0 0
18 12,0 0
3 2,0 0
3 2,0 0
3 2,0 0
18 12,0 0
1 17,0 0
3 2,0 0
5 17,0 0
3 2,0 0
1 17,0 0
3 2,0 0
3 2,0 0
15 12,0 0
15 12,0 0
18 19,0 0
18 12,0 0
18 12,0 0
3 2,0 0
1 17,0 0
18 12,0 0
18 12,0 0
18 19,0 0
3 2,0 0
3 19,4 0
1 17,0 0
3 2,0 0
1 17,0 0
0 12,0 0
1 17,0 0
8 8,0 0
15 12,0 0
1 17,0 0
3 2,0 0
15 12,0 0
18 12,0 0
18 19,0 0
7 14,0 21
1 17,0 0
5 17,0 0
18 12,0 0
5 17,0 0
5 17,0 0
18 12,0 0
18 12,0 0
3 2,0 0
18 12,0 0
3 2,0 0
3 2,0 0
15 12,0 0
15 12,0 0
18 12,0 0
0 12,0 0
3 2,0 0
18 12,0 0
1 17,0 0
18 19,0 0
5 17,0 0
18 12,0 0
1 17,0 0
1 17,0 0
24 0,0 0
18 12,0 0
18 12,0 0
3 2,0 0
1 17,0 0
18 12,0 0
18 12,0 0
18 12,0 0
1 17,0 0
18 12,0 0
3 2,0 0
3 2,0 0
5 17,0 0
8 21,0 0
3 2,0 0
18 12,0 0
5 17,0 0
3 2,0 0
18 19,0 0
3 19,4 0
3 2,0 0
18 19,0 0
15 15,0 0
3 2,0 0
18 12,0 0
3 2,0 0
3 2,0 0
15 12,0 0
18 19,0 0
14 17,0 0
3 2,0 0
1 17,0 0
15 12,0 0
3 2,0 0
3 2,0 0
3 2,0 0
1 17,0 0
15 12,0 0
18 12,0 0
0 11,0 0
18 12,0 0
3 2,0 0
15 12,0 0
3 2,0 0
18 12,0 0
18 19,0 0
18 19,0 0
1 17,0 0
15 12,0 0
0 12,0 0
3 2,0 0
3 19,4 0
18 19,0 0
18 12,0 0
15 12,0 0
1 17,0 0
3 19,4 0
5 17,0 0
3 2,0 0
3 2,0 0
1 17,0 0
18 12,0 0
1 17,0 0
0 11,0 0
1 17,0 0
3 2,0 0
18 12,0 0
3 2,0 0
3 2,0 0
1 17,0 0
1 17,0 0
15 11,0 0
18 22,0 0
3 2,0 0
3 2,0 0
3 2,0 0
3 2,0 0
3 2,0 0
13 14,0 0
3 2,0 0
3 2,0 0
3 2,0 0
3 19,4 0
18 12,0 0
18 19,0 0
18 12,0 0
15 12,0 0
5 17,0 0
3 2,0 0
18 12,0 0
3 2,0 0
1 17,0 0
3 2,0 0
3 2,0 0
3 2,0 0
18 12,0 0
0 11,0 0
3 19,4 0
7 8,0 5
1 17,0 0
1 17,0 0
3 2,0 0
15 12,0 0
3 2,0 0
18 12,0 0
3 2,0 0
3 19,4 0
0 12,0 0
18 12,0 0
1 17,0 0
0 12,0 0
3 2,0 0
3 19,4 0
3 19,4 0
1 17,0 0
18 12,0 0
3 2,0 0
0 12,0 0
5 17,0 0
1 17,0 0
3 2,0 0
3 2,0 0
3 2,0 0
5 17,0 0
5 17,0 0
18 12,0 0
3 2,0 0
18 12,0 0
18 12,0 0
3 2,0 0
3 2,0 0
18 12,0 0
21 8,0 0
18 12,0 0
3 2,0 0
1 17,0 0
18 12,0 0
18 12,0 0
18 19,0 0
18 12,0 0
18 12,0 0
3 19,4 0
18 19,0 0
18 12,0 0
18 19,0 0
18 12,0 0
3 2,0 0
3 2,0 0
18 12,0 0
18 12,0 0
18 12,0 0
3 2,0 0
0 12,0 0
3 2,0 0
18 12,0 0
1 17,0 0
1 17,0 0
1 17,0 0
1 17,0 0
18 12,0 0
18 19,0 0
18 12,0 0
3 2,0 0
3 2,0 0
3 2,0 0
3 2,0 0
18 12,0 0
3 2,0 0
6 21,0 0
3 2,0 0
3 2,0 0
18 12,0 0
18 12,0 0
0 11,0 0
3 2,0 0
1 17,0 0
8 21,0 0
1 17,0 0
1 17,0 0
15 12,0 0
15 12,0 0
3 19,4 0
18 12,0 0
1 17,0 0
3 19,4 0
12 18,0 0
18 12,0 0
3 2,0 0
3 2,0 0
3 2,0 0
3 2,0 0
18 12,0 0
18 12,0 0
18 12,0 0
1 17,0 0
18 12,0 0
18 19,0 0
5 17,0 0
3 2,0 0
18 19,0 0
18 12,0 0
3 2,0 0
18 12,0 0
5 17,0 0
18 12,0 0
18 12,0 0
3 2,0 0
3 2,0 0
1 17,0 0
18 19,0 0
3 2,0 0
18 12,0 0
3 2,0 0
3 2,0 0
3 19,4 0
11 8,0 0
1 17,0 0
18 12,0 0
3 2,0 0
1 17,0 0
18 12,0 0
8 8,0 0
18 19,0 0
3 2,0 0
5 17,0 0
1 17,0 0
18 12,0 0
18 12,0 0
18 12,0 0
5 17,0 0
3 2,0 0
1 17,0 0
15 12,0 0
18 12,0 0
18 12,0 0
1 17,0 0
3 2,0 0
18 12,0 0
3 19,4 0
3 2,0 0
18 19,0 0
1 17,0 0
18 12,0 0
15 12,0 0
9 0,0 0
1 17,0 0
1 17,0 0
3 2,0 0
6 21,0 0
15 12,0 0
18 12,0 0
3 2,0 0
3 2,0 0
18 19,0 0
3 2,0 0
1 17,0 0
3 2,0 0
8 21,0 0
18 19,0 0
18 12,0 0
3 2,0 0
15 12,0 0
1 17,0 0
3 2,0 0
1 17,0 0
1 17,0 0
18 12,0 0
3 2,0 0
1 17,0 0
18 12,0 0
3 2,0 0
3 2,0 0
3 2,0 0
18 12,0 0
3 2,0 0
5 17,0 0
18 14,0 0
18 12,0 0
1 17,0 0
3 2,0 0
15 12,0 0
1 17,0 0
0 11,0 0
18 12,0 0
3 2,0 0
3 2,0 0
3 2,0 0
14 8,1 0
5 17,0 0
3 19,4 0
3 2,0 0
1 17,0 0
12 2,0 0
18 12,0 0
1 17,0 0
21 0,0 9
1 17,0 0
18 12,0 0
13 20,0 19
3 2,0 0
13 14,0 0
1 17,0 0
18 19,0 0
3 19,4 0
3 19,4 0
3 2,0 0
0 11,0 0
18 22,0 0
1 17,0 0
18 12,0 0
3 2,0 0
0 8,0 0
1 17,0 0
18 12,0 0
3 2,0 0
18 12,0 0
5 17,0 0
18 22,0 0
18 12,0 0
3 2,0 0
18 12,0 0
18 19,0 0
3 2,0 0
18 12,0 0
3 2,0 0
1 17,0 0
18 12,0 0
3 2,0 0
18 12,0 0
3 2,0 0
3 2,0 0
3 1,0 0
3 2,0 0
20 12,9 0
1 17,0 0
18 12,0 0
3 2,0 0
8 8,0 0
3 2,0 0
18 12,0 0
15 12,0 0
3 2,0 0
18 19,0 0
18 12,0 0
1 17,0 0
3 2,0 0
1 17,0 0
18 19,0 0
1 17,0 0
3 19,4 0
3 2,0 0
3 2,0 0
3 19,4 0
3 19,4 0
18 12,0 0
18 12,0 0
1 17,0 0
15 12,0 0
1 17,0 0
3 2,0 0
3 2,0 0
3 19,4 0
3 2,0 0
3 2,0 0
18 12,0 0
8 8,0 0
18 12,0 0
3 2,0 0
18 12,0 0
22 1,0 0
18 12,0 0
3 2,0 0
3 2,0 0
3 2,0 0
18 12,0 0
18 12,0 0
3 2,0 0
3 19,4 0
15 11,0 0
18 12,0 0
3 2,0 0
5 17,0 0
3 19,4 0
18 22,0 0
15 12,0 0
0 12,0 0
18 22,0 0
18 12,0 0
5 17,0 0
1 17,0 0
3 19,4 0
18 12,0 0
1 17,0 0
3 2,0 0
3 2,0 0
18 12,0 0
0 12,0 0
18 12,0 0
1 17,0 0
18 12,0 0
3 2,0 0
1 17,0 0
1 17,0 0
0 12,0 0
18 12,0 0
1 17,0 0
3 2,0 0
18 22,0 0
18 12,0 0
14 17,0 0
5 17,0 0
3 2,0 0
18 12,0 0
18 12,0 0
3 19,4 0
15 12,0 0
3 2,0 0
18 12,0 0
18 19,0 0
18 19,0 0
3 2,0 0
1 17,0 0
5 17,0 0
18 12,0 0
18 12,0 0
18 12,0 0
0 12,0 0
1 17,0 0
3 2,0 0
3 19,4 0
5 17,0 0
18 12,0 0
3 2,0 0
18 12,0 0
15 12,0 0
18 14,0 6
3 2,0 0
18 12,0 0
3 2,0 0
3 2,0 0
3 2,0 0
18 12,0 0
5 17,0 0
0 11,0 0
18 12,0 0
5 17,0 0
18 12,0 0
18 12,0 0
18 19,0 0
1 17,0 0
18 12,0 0
18 12,0 0
18 12,0 0
3 2,0 0
18 12,0 0
18 12,0 0
3 2,0 0
3 2,0 0
1 17,0 0
18 12,0 0
0 11,0 0
3 2,0 0
18 12,0 0
3 2,0 0
18 12,0 0
3 2,0 0
3 2,0 0
18 12,0 0
3 19,4 0
1 17,0 0
3 2,0 0
18 12,0 0
18 12,0 0
5 17,0 0
5 17,0 0
3 19,4 0
18 12,0 0
3 2,0 0
3 2,0 0
18 12,0 0
0 12,0 0
3 19,4 0
1 17,0 0
19 14,0 11
3 2,0 0
7 8,0 0
15 12,0 0
3 2,0 0
3 19,4 0
18 12,0 0
18 12,0 0
18 19,0 0
3 2,0 0
18 12,0 0
3 2,0 0
5 17,0 0
8 23,0 0
18 12,0 0
5 17,0 0
3 2,0 0
18 12,0 0
3 19,4 0
15 12,0 0
1 17,0 0
18 12,0 0
1 17,0 0
1 17,0 0
0 12,0 0
3 2,0 0
18 22,0 0
0 11,0 0
18 12,0 0
3 2,0 0
3 19,4 0
3 2,0 0
18 12,0 0
3 2,0 0
