0 17 13,0 0 0
10 8 17,0 0 0
3 20 2,4 7 0
2 26 0,0 0 0
17 0 17,0 0 0
8 26 12,0 0 0
10 8 19,0 0 0
0 17 13,0 0 0
12 4 24,0 0 0
8 13 6,0 0 0
11 4 21,0 5 0
0 17 13,0 0 0
2 26 0,0 0 0
18 0 21,0 0 0
8 26 12,0 0 0
18 0 21,0 0 0
7 0 22,0 0 0
12 8 16,0 0 0
0 17 13,0 0 0
0 17 13,0 0 0
12 4 24,0 0 0
20 17 1,0 0 0
11 26 14,0 0 0
10 8 17,0 0 0
0 17 13,0 0 0
0 17 13,0 0 0
12 14 8,0 7 0
1 8 0,0 21 0
19 12 11,0 0 0
22 26 19,0 0 0
12 4 24,0 0 0
10 8 17,0 0 0
2 26 11,0 0 0
7 4 24,0 0 0
12 14 16,0 0 0
17 26 4,0 0 0
12 4 24,0 0 0
10 26 10,0 0 0
10 8 17,0 0 0
18 3 19,0 4 0
17 0 5,0 0 0
18 0 21,0 0 0
19 4 11,0 0 0
12 4 24,0 0 0
2 26 0,0 0 0
11 4 12,0 0 0
0 17 13,0 0 0
17 14 1,0 0 0
11 26 17,0 0 0
20 17 1,0 0 0
12 4 24,0 0 0
21 0 17,0 0 0
0 17 13,0 0 0
18 0 21,0 0 0
10 8 19,0 0 0
2 26 0,0 0 0
10 8 17,0 0 0
12 4 24,0 0 0
0 17 13,0 0 0
12 8 16,0 0 0
18 0 21,0 0 0
0 17 13,0 0 0
11 26 15,0 0 0
10 8 17,0 0 0
0 17 13,0 0 0
12 4 24,0 0 0
0 17 13,0 0 0
0 17 13,0 0 0
18 0 12,0 0 0
7 26 4,0 0 0
13 26 4,0 0 0
10 26 10,0 0 0
18 26 24,0 0 0
11 26 12,0 0 0
0 17 13,0 0 0
0 17 13,0 0 0
0 26 1,0 0 0
1 0 11,0 0 0
12 4 24,0 0 0
10 8 19,0 0 0
19 4 11,0 0 0
18 0 12,0 0 0
10 26 10,0 0 0
7 26 4,0 0 0
1 14 0,0 0 0
10 26 17,0 0 0
11 26 17,0 0 0
0 17 13,0 0 0
18 3 19,0 4 0
0 17 13,0 0 0
7 26 18,0 0 0
11 4 21,0 5 0
22 26 3,0 0 0
20 17 1,0 0 0
0 17 13,0 0 0
1 26 6,0 0 0
12 4 24,0 0 0
0 17 13,0 0 0
3 0 24,4 1 0
15 18 6,0 0 0
19 4 11,0 0 0
11 26 17,0 0 0
3 26 6,0 0 0
12 14 16,0 0 0
20 17 1,0 0 0
0 17 13,0 0 0
2 26 0,0 0 0
22 19 14,0 0 0
3 8 4,0 0 0
5 8 11,0 0 0
8 8 8,0 0 0
12 14 16,0 0 0
0 17 13,0 0 0
19 26 19,0 0 0
10 8 17,0 0 0
1 8 21,0 0 0
0 17 13,0 0 0
0 17 13,0 0 0
1 26 11,0 0 0
12 4 24,0 0 0
0 17 13,0 0 0
17 26 2,0 0 0
0 3 21,0 0 0
4 26 0,0 0 0
0 26 11,0 0 0
11 26 14,0 0 0
20 17 1,0 0 0
4 26 7,0 0 0
19 0 13,0 6 0
12 4 24,0 0 0
12 4 24,0 0 0
8 26 12,0 0 0
17 14 1,0 0 0
20 17 1,0 0 0
0 17 13,0 0 0
0 26 2,0 0 0
2 26 0,0 0 0
20 13 6,13 0 0
0 17 13,0 0 0
11 26 17,0 0 0
10 8 17,0 0 0
7 26 11,0 0 0
6 26 18,0 0 0
20 17 1,0 0 0
0 26 7,0 0 0
7 8 2,0 0 0
10 8 19,0 0 0
12 26 11,0 0 0
18 0 21,0 0 0
2 26 2,0 0 0
10 8 19,0 0 0
11 26 17,0 0 0
0 17 13,0 0 0
11 26 17,0 0 0
12 4 24,0 0 0
0 17 13,0 0 0
15 26 6,0 0 0
13 26 4,0 0 0
24 14 20,0 0 0
10 8 17,0 0 0
3 26 11,0 0 0
19 26 5,0 0 0
0 17 6,0 0 0
11 26 17,0 0 0
10 8 19,0 0 0
0 17 13,0 0 0
7 26 1,0 0 0
10 8 19,0 0 0
21 13 3,0 0 0
19 26 2,0 0 0
12 26 16,0 0 0
17 26 12,0 0 0
10 14 12,0 0 0
7 8 11,0 0 0
17 26 18,0 0 0
0 17 13,0 0 0
19 4 11,0 0 0
19 4 11,0 0 0
7 20 4,0 0 6
12 8 16,0 0 0
18 0 21,0 0 0
5 26 10,0 0 0
0 17 13,0 0 0
15 26 6,0 0 0
0 17 13,0 0 0
0 17 13,0 0 0
8 26 12,0 0 0
0 17 13,0 0 0
12 4 24,0 0 0
12 4 24,0 0 0
19 4 11,0 0 0
18 3 19,0 0 0
2 0 21,0 0 0
1 14 19,0 0 0
12 14 16,0 0 0
18 3 19,0 4 0
12 4 24,0 0 0
0 17 13,0 0 0
17 0 5,0 0 0
17 0 5,0 0 0
1 26 11,0 0 0
0 17 13,0 0 0
20 17 1,0 0 0
12 4 24,0 0 0
22 26 22,0 0 0
0 17 13,0 0 0
0 17 13,0 0 0
0 17 13,0 0 0
20 17 1,0 0 0
17 14 1,0 0 0
10 8 19,0 0 0
19 4 11,0 0 0
11 26 17,0 0 0
11 26 14,0 0 0
0 17 13,0 0 0
10 26 10,0 0 0
11 26 18,0 0 0
20 17 1,0 0 0
14 26 4,0 0 0
20 17 1,0 0 0
12 14 16,0 0 0
11 26 14,0 0 0
0 17 13,0 0 0
10 8 17,0 0 0
0 17 13,0 0 0
12 4 24,0 0 0
0 17 13,0 0 0
10 8 19,0 0 0
15 8 19,0 0 0
0 17 13,0 0 0
11 26 10,0 0 0
0 17 13,0 0 0
0 26 2,0 0 0
11 4 21,0 5 0
0 17 13,0 0 0
0 17 13,0 0 0
10 26 10,0 0 0
17 14 1,0 0 0
10 8 17,0 0 0
18 2 7,0 0 0
20 17 1,0 0 0
13 26 4,0 0 0
0 17 13,0 0 0
12 4 24,0 0 0
20 17 1,0 0 0
6 12 19,0 0 0
9 0 13,0 0 0
10 8 17,0 0 0
21 13 3,0 0 0
20 17 1,0 0 0
11 26 17,0 0 0
0 17 13,0 0 0
4 26 7,0 0 0
18 20 21,0 0 0
15 26 21,0 0 0
10 26 18,0 0 0
1 26 11,0 0 0
0 17 13,0 0 0
11 26 17,0 0 0
19 26 5,0 0 0
1 0 11,0 0 0
10 8 19,0 0 0
11 26 14,0 0 0
12 4 24,0 0 0
10 8 17,0 0 0
17 14 1,0 0 0
0 17 13,0 0 0
15 26 8,0 0 0
0 17 13,0 0 0
10 8 17,0 0 0
18 0 21,0 0 0
22 26 0,0 0 0
17 14 1,0 0 0
0 17 13,0 0 0
11 0 14,0 9 0
1 14 19,0 0 0
15 0 11,0 0 0
17 26 4,0 0 0
15 26 10,0 0 0
19 4 11,0 0 0
18 3 19,0 0 0
0 17 13,0 0 0
0 17 13,0 0 0
15 14 15,0 0 0
19 4 11,0 0 0
12 4 24,0 0 0
0 17 13,0 0 0
11 4 21,0 5 0
19 26 5,0 0 0
19 4 11,0 0 0
15 26 6,0 0 0
10 8 19,0 0 0
12 4 24,0 0 0
19 4 11,0 0 0
19 26 13,0 0 0
17 0 5,0 0 0
17 14 1,0 0 0
11 26 17,0 0 0
12 4 24,0 0 0
16 26 21,0 0 0
18 0 12,0 0 0
0 17 13,0 0 0
10 8 17,0 0 0
17 0 5,0 0 0
18 0 21,0 0 0
12 8 16,0 0 0
17 0 5,0 0 0
0 17 13,0 0 0
12 4 24,0 0 0
0 26 9,0 0 0
9 20 25,0 0 0
8 26 12,0 0 0
5 26 10,0 0 0
17 0 5,0 0 0
11 26 14,0 0 0
19 4 11,0 0 0
0 26 22,0 0 0
20 17 1,0 0 0
12 14 16,0 0 0
0 17 13,0 0 0
0 17 19,0 0 0
17 26 4,0 0 0
12 8 16,0 0 0
11 26 17,0 0 0
0 17 13,0 0 0
0 17 13,0 0 0
2 8 19,0 0 0
10 8 17,0 0 0
12 4 24,0 0 0
0 17 13,0 0 0
12 4 24,0 0 0
10 8 17,0 0 0
11 26 17,0 0 0
0 17 13,0 0 0
0 17 13,0 0 0
17 0 5,0 0 0
12 4 24,0 0 0
0 17 13,0 0 0
0 17 13,0 0 0
12 20 8,0 9 0
11 0 12,0 0 0
11 26 17,0 0 0
0 17 13,0 0 0
12 4 24,0 0 0
0 17 13,0 0 0
0 17 13,0 0 0
5 26 10,0 0 0
6 0 13,0 10 0
11 26 17,0 0 0
13 26 4,0 0 0
10 8 17,0 0 0
14 26 4,0 0 0
15 26 8,0 0 0
10 8 19,0 0 0
0 17 13,0 0 0
5 26 12,0 0 0
0 17 13,0 0 0
11 4 21,0 5 0
11 26 17,0 0 0
10 8 17,0 0 0
0 17 13,0 0 0
5 4 3,0 0 0
2 26 2,0 0 0
10 8 19,0 0 0
11 26 17,0 0 0
21 8 6,0 0 0
11 0 13,0 10 0
19 14 19,0 6 0
0 17 13,0 0 0
0 17 13,0 0 0
19 26 5,0 0 0
0 17 13,0 0 0
0 17 13,0 0 0
20 17 1,0 0 0
10 8 19,0 0 0
0 17 13,0 0 0
13 26 4,0 0 0
19 4 11,0 0 0
17 14 1,0 0 0
14 26 4,0 0 0
2 0 13,0 10 0
14 26 4,0 0 0
0 17 13,0 0 0
5 0 23,0 0 0
10 8 19,0 0 0
10 8 19,0 0 0
20 17 1,0 0 0
12 14 17,0 0 0
1 26 11,0 0 0
12 8 16,0 0 0
10 26 6,0 0 0
5 26 10,0 0 0
19 4 11,0 0 0
17 26 4,0 0 0
15 8 19,0 0 0
7 26 5,0 0 0
10 8 17,0 0 0
0 17 13,0 0 0
0 17 13,0 0 0
0 17 13,0 0 0
19 20 11,0 0 0
17 26 4,0 0 0
17 0 5,0 0 0
10 8 17,0 0 0
17 0 5,0 0 0
10 8 17,0 0 0
18 3 19,0 4 0
0 17 13,0 0 0
10 8 19,0 0 0
18 0 21,0 0 0
0 17 13,0 0 0
18 0 21,0 0 0
11 26 1,0 0 0
13 26 4,0 0 0
12 4 24,0 0 0
12 8 16,0 0 0
5 26 15,0 0 0
10 8 19,0 0 0
0 17 13,0 0 0
10 8 17,0 0 0
12 26 6,0 0 0
12 0 17,0 0 0
3 11 1,0 0 0
11 26 1,0 0 0
19 4 11,0 0 0
8 26 12,0 0 0
14 26 4,0 0 0
21 13 3,0 0 0
7 0 12,0 0 0
12 26 22,0 0 0
10 26 10,0 0 0
10 8 19,0 0 0
13 0 12,0 3 0
12 4 24,0 0 0
2 26 1,0 0 0
10 8 17,0 0 0
10 8 17,0 0 0
0 17 13,0 0 0
17 26 7,0 0 0
22 26 19,0 0 0
20 17 1,0 0 0
18 0 21,0 0 0
22 26 3,0 0 0
0 17 13,0 0 0
12 4 24,0 0 0
0 17 13,0 0 0
0 17 13,0 0 0
19 4 13,0 0 0
11 26 15,0 0 0
10 14 12,0 0 0
0 17 13,0 0 0
18 0 21,0 0 0
2 0 20,0 1 0
10 26 10,0 0 0
11 26 14,0 0 0
19 26 19,0 0 0
13 26 4,0 0 0
10 8 17,0 0 0
12 4 24,0 0 0
0 17 13,0 0 0
12 4 24,0 0 0
0 17 13,0 0 0
1 8 15,0 0 0
4 26 7,0 0 0
18 6 19,0 0 0
11 26 14,0 0 0
12 8 16,0 0 0
18 0 21,0 0 0
20 17 1,0 0 0
12 4 24,0 0 0
0 17 13,0 0 0
8 8 8,0 0 0
0 17 13,0 0 0
0 17 13,0 0 0
7 9 23,0 0 0
11 26 18,0 0 0
22 26 17,0 0 0
15 26 7,0 0 0
0 17 13,0 0 0
4 26 15,0 0 0
3 20 17,0 0 0
0 17 13,0 0 0
4 26 7,0 0 0
12 14 16,0 0 0
20 17 1,0 0 0
4 26 7,0 0 0
17 26 4,0 0 0
0 17 13,0 0 0
0 17 13,0 0 0
15 26 5,0 0 0
1 8 15,0 0 0
2 20 20,0 7 0
0 17 13,0 0 0
10 8 17,0 0 0
7 26 5,0 0 0
20 17 1,0 0 0
18 0 21,0 0 0
8 26 12,0 0 0
11 4 21,0 5 0
15 26 15,0 0 0
1 0 11,0 0 0
0 17 13,0 0 0
0 17 13,0 0 0
7 26 18,0 0 0
0 26 13,0 0 0
3 4 12,4 1 0
17 14 1,0 0 0
10 26 10,0 0 0
19 4 11,0 0 0
15 8 19,0 0 0
0 17 13,0 0 0
10 14 12,0 0 0
12 4 24,0 0 0
0 17 13,0 0 0
0 17 13,0 0 0
1 26 11,0 0 0
0 17 13,0 0 0
11 4 21,0 5 0
16 26 0,0 0 0
19 26 5,0 0 0
2 26 1,0 0 0
22 26 3,0 0 0
0 17 6,0 0 0
19 4 11,0 0 0
6 12 19,0 0 0
17 14 1,0 0 0
12 4 24,0 0 0
8 26 12,0 0 0
17 26 4,0 0 0
11 26 12,0 0 0
10 8 19,0 0 0
0 17 13,0 0 0
1 26 11,0 0 0
0 17 13,0 0 0
0 17 13,0 0 0
2 26 0,0 0 0
0 17 13,0 0 0
12 4 24,0 0 0
0 17 13,0 0 0
12 4 24,0 0 0
0 17 13,0 0 0
0 17 13,0 0 0
17 0 5,0 0 0
10 8 17,0 0 0
0 17 13,0 0 0
12 4 24,0 0 0
2 26 0,0 0 0
22 26 3,0 0 0
12 8 16,0 0 0
0 17 13,0 0 0
12 4 24,0 0 0
0 17 13,0 0 0
10 8 17,0 0 0
10 26 10,0 0 0
3 20 12,0 0 0
10 8 19,0 0 0
0 17 13,0 0 0
0 17 13,0 0 0
0 17 13,0 0 0
1 26 11,0 0 0
1 26 11,0 0 0
10 26 0,0 0 0
0 17 13,0 0 0
12 4 24,0 0 0
0 17 13,0 0 0
4 26 1,0 0 0
18 4 19,0 0 0
3 26 6,0 0 0
20 17 1,0 0 0
11 4 21,0 5 0
14 26 4,0 0 0
0 17 13,0 0 0
12 4 24,0 0 0
0 17 13,0 0 0
8 26 12,0 0 0
0 26 2,0 0 0
8 26 12,0 0 0
18 0 21,0 0 0
0 17 13,0 0 0
10 8 17,0 0 0
18 26 5,0 0 0
12 8 16,0 0 0
15 26 6,0 0 0
19 4 11,0 0 0
10 8 19,0 0 0
8 8 8,0 0 0
19 26 5,0 0 0
18 0 21,0 0 0
12 4 24,0 0 0
8 26 12,0 0 0
8 26 12,0 0 0
12 4 24,0 0 0
10 8 17,0 0 0
19 26 5,0 0 0
0 17 13,0 0 0
17 14 1,0 0 0
10 8 19,0 0 0
19 4 11,0 0 0
14 10 4,1 0 1
11 26 14,0 0 0
0 17 13,0 0 0
12 8 16,0 0 0
0 17 13,0 0 0
0 17 13,0 0 0
0 17 13,0 0 0
10 8 19,0 0 0
20 17 1,0 0 0
18 0 21,0 0 0
7 8 2,0 0 0
0 17 13,0 0 0
18 0 21,0 0 0
14 26 4,0 0 0
0 17 13,0 0 0
10 8 19,0 0 0
0 17 6,0 0 0
1 26 7,0 0 0
11 26 14,0 0 0
12 4 24,0 0 0
14 26 4,0 0 0
8 26 12,0 0 0
0 17 13,0 0 0
8 26 12,0 0 0
8 26 12,0 0 0
18 18 18,0 0 0
1 4 6,0 5 0
20 17 1,0 0 0
12 0 24,0 0 0
10 8 17,0 0 0
7 26 11,0 0 0
7 26 4,0 0 0
0 17 13,0 0 0
0 17 13,0 0 0
10 26 10,0 0 0
20 17 1,0 0 0
18 0 21,0 0 0
0 17 13,0 0 0
7 0 22,0 0 0
0 17 13,0 0 0
0 17 13,0 0 0
17 14 1,0 0 0
20 17 1,0 0 0
13 4 20,0 6 0
0 17 13,0 0 0
0 17 13,0 0 0
0 17 13,0 0 0
11 26 17,0 0 0
0 17 13,0 0 0
10 8 17,0 0 0
10 8 17,0 0 0
18 0 21,0 0 0
7 26 3,0 0 4
4 26 7,0 0 0
11 26 14,0 0 0
8 8 8,0 0 0
2 0 21,0 0 0
7 0 22,0 0 0
13 19 15,0 0 0
18 0 21,0 0 0
17 14 1,0 0 0
1 14 19,0 0 0
19 26 19,0 0 0
20 17 1,0 0 0
10 8 19,0 0 0
15 8 19,0 0 0
21 13 3,0 0 0
0 17 13,0 0 0
0 17 13,0 0 0
5 26 10,0 0 0
20 17 1,0 0 0
12 4 24,0 0 0
19 14 19,0 6 0
21 0 14,0 9 0
19 4 11,0 0 0
20 17 1,0 0 0
0 26 9,0 0 0
12 8 16,0 0 0
8 26 12,0 0 0
19 4 11,0 0 0
8 26 12,0 0 0
1 8 15,0 0 0
12 14 16,0 0 0
8 26 12,0 0 0
10 8 17,0 0 0
18 0 21,0 0 0
12 4 24,0 0 0
10 8 19,0 0 0
0 17 13,0 0 0
0 26 15,0 0 0
11 26 17,0 0 0
10 26 6,0 0 0
10 8 17,0 0 0
11 24 4,0 0 5
17 14 1,0 0 0
0 17 13,0 0 0
0 17 13,0 0 0
18 0 21,0 0 0
20 17 1,0 0 0
11 26 17,0 0 0
10 26 6,0 0 0
0 17 13,0 0 0
0 17 13,0 0 0
10 8 17,0 0 0
11 26 17,0 0 0
12 14 16,0 0 0
20 17 1,0 0 0
0 17 13,0 0 0
12 26 6,0 0 0
0 17 13,0 0 0
12 8 16,0 0 0
12 8 16,0 0 0
17 14 1,0 0 0
12 14 16,0 0 0
3 26 13,0 0 0
13 0 14,0 5 0
13 26 4,0 0 0
11 4 21,0 5 0
18 26 5,0 0 0
10 8 17,0 0 0
13 26 4,0 0 0
22 26 0,0 0 0
17 14 1,0 0 0
19 26 5,0 0 0
15 0 22,0 0 0
8 26 12,0 0 0
0 17 13,0 0 0
0 17 13,0 0 0
9 26 19,0 0 0
0 17 13,0 0 0
10 8 17,0 0 0
0 17 13,0 0 0
0 17 6,0 0 0
0 17 13,0 0 0
18 1 3,0 0 4
9 26 22,0 0 0
0 17 13,0 0 0
20 17 1,0 0 0
17 14 1,0 0 0
2 26 0,0 0 0
0 17 13,0 0 0
17 4 18,0 0 0
17 26 12,0 0 0
10 8 17,0 0 0
12 8 16,0 0 0
15 26 7,0 0 0
0 26 9,0 0 0
8 26 12,0 0 0
18 0 21,0 0 0
7 4 24,0 0 0
22 26 0,0 0 0
9 20 13,0 0 0
20 17 1,0 0 0
2 26 24,0 0 0
10 14 12,0 0 0
19 4 11,0 0 0
0 17 13,0 0 0
11 26 17,0 0 0
10 26 6,0 0 0
17 0 5,0 0 0
2 26 0,0 0 0
5 26 10,0 0 0
12 8 16,0 0 0
2 26 21,0 0 0
0 17 13,0 0 0
5 26 10,0 0 0
7 8 2,0 0 0
11 26 17,0 0 0
12 26 6,0 0 0
11 26 4,0 0 0
0 17 13,0 0 0
20 17 1,0 0 0
8 26 2,0 0 0
17 26 0,0 0 0
19 26 19,0 0 0
0 17 13,0 0 0
12 4 24,0 0 0
19 0 19,0 22 0
20 17 1,0 0 0
21 26 0,0 0 0
10 8 19,0 0 0
10 8 17,0 0 0
17 14 1,0 0 0
11 26 17,0 0 0
11 26 15,0 0 0
11 26 10,0 0 0
20 17 1,0 0 0
7 8 2,0 0 0
12 4 24,0 0 0
7 4 24,0 0 0
17 14 1,0 0 0
4 12 1,0 0 0
17 0 5,0 0 0
20 17 1,0 0 0
18 0 21,0 0 0
0 17 13,0 0 0
0 17 13,0 0 0
12 26 6,0 0 0
15 8 19,0 0 0
8 26 12,0 0 0
0 26 2,0 0 0
3 26 11,0 0 0
21 13 3,0 0 0
22 26 19,0 0 0
13 26 18,0 0 0
0 17 13,0 0 0
0 17 13,0 0 0
19 4 11,0 0 0
9 20 25,0 0 0
10 26 10,0 0 0
2 26 2,0 0 0
3 26 24,0 0 0
0 17 13,0 0 0
0 17 13,0 0 0
20 17 1,0 0 0
18 0 21,0 0 0
12 4 24,0 0 0
0 17 13,0 0 0
1 26 11,0 0 0
15 26 19,0 0 0
12 4 24,0 0 0
17 26 2,0 0 0
12 4 24,0 0 0
15 26 10,0 0 0
21 13 3,0 0 0
18 0 21,0 0 0
12 8 16,0 0 0
8 26 12,0 0 0
1 4 6,0 5 0
0 17 13,0 0 0
0 17 13,0 0 0
0 17 13,0 0 0
0 17 13,0 0 0
0 17 13,0 0 0
19 4 11,0 0 0
20 17 1,0 0 0
0 17 13,0 0 0
0 17 13,0 0 0
8 8 8,0 0 0
19 4 11,0 0 0
10 8 17,0 0 0
13 26 22,0 0 0
14 26 4,0 0 0
18 26 2,0 0 0
20 17 1,0 0 0
12 4 24,0 0 0
0 17 13,0 0 0
11 26 12,0 0 0
13 26 4,0 0 0
21 8 18,0 0 0
0 17 13,0 0 0
10 8 17,0 0 0
21 13 3,0 0 0
19 26 7,0 0 0
0 17 13,0 0 0
0 17 13,0 0 0
10 8 19,0 0 0
0 26 1,0 0 0
17 0 5,0 0 0
0 17 13,0 0 0
0 17 13,0 0 0
18 26 11,0 0 0
10 26 10,0 0 0
17 14 1,0 0 0
20 17 1,0 0 0
18 0 21,0 0 0
2 26 0,0 0 0
13 26 4,0 0 0
0 17 13,0 0 0
5 26 13,0 0 0
18 0 21,0 0 0
17 26 4,0 0 0
0 17 13,0 0 0
3 23 3,0 0 0
10 4 24,0 0 0
10 8 17,0 0 0
19 26 5,0 0 0
18 0 21,0 0 0
12 8 16,0 0 0
18 0 21,0 0 0
0 17 13,0 0 0
19 4 11,0 0 0
17 0 5,0 0 0
0 26 22,0 0 0
0 17 13,0 0 0
0 26 22,0 0 0
0 17 13,0 0 0
13 26 7,0 0 0
8 26 12,0 0 0
12 4 24,0 0 0
11 26 17,0 0 0
10 26 10,0 0 0
10 26 10,0 0 0
10 26 10,0 0 0
10 26 10,0 0 0
0 17 13,0 0 0
11 26 17,0 0 0
11 4 21,0 5 0
11 4 21,0 5 0
0 17 13,0 0 0
19 4 11,0 0 0
0 17 13,0 0 0
0 17 13,0 0 0
0 14 0,0 0 0
21 0 14,0 9 0
18 26 8,0 0 0
9 26 4,0 0 0
17 26 4,0 0 0
0 17 13,0 0 0
10 8 19,0 0 0
8 26 12,0 0 0
13 26 23,0 0 0
17 0 5,0 0 0
14 26 4,0 0 0
20 17 1,0 0 0
18 2 8,0 0 0
0 17 13,0 0 0
21 26 22,0 0 0
11 4 21,0 5 0
0 17 13,0 0 0
11 26 17,0 0 0
0 17 13,0 0 0
22 26 3,0 0 0
6 26 11,0 0 0
10 8 17,0 0 0
20 17 1,0 0 0
0 17 13,0 0 0
0 17 13,0 0 0
20 17 1,0 0 0
0 17 13,0 0 0
18 0 21,0 0 0
0 17 13,0 0 0
18 0 21,0 0 0
12 4 24,0 0 0
10 8 19,0 0 0
1 0 1,0 0 0
0 17 13,0 0 0
1 26 7,0 0 0
0 17 13,0 0 0
12 14 17,0 0 0
17 0 5,0 0 0
5 26 3,0 0 0
10 8 17,0 0 0
0 17 13,0 0 0
19 7 20,0 0 7
0 17 13,0 0 0
10 8 17,0 0 0
0 26 2,0 0 0
2 26 21,0 0 0
12 4 24,0 0 0
9 0 21,0 0 0
12 4 24,0 0 0
20 17 1,0 0 0
2 26 1,0 0 0
10 8 19,0 0 0
0 15 17,0 0 0
8 26 12,0 0 0
18 3 19,0 0 0
18 3 19,0 4 0
17 14 1,0 0 0
15 26 6,0 0 0
12 8 16,0 0 0
0 17 13,0 0 0
15 26 8,0 0 0
17 14 1,0 0 0
21 8 8,0 0 0
0 17 13,0 0 0
10 8 17,0 0 0
0 17 13,0 0 0
11 26 17,0 0 0
0 17 13,0 0 0
10 26 6,0 0 0
0 17 13,0 0 0
13 0 1,0 0 0
0 17 13,0 0 0
19 26 5,0 0 0
17 14 1,0 0 0
20 17 1,0 0 0
20 17 1,0 0 0
20 17 1,0 0 0
9 20 25,0 0 0
7 26 15,0 0 0
11 26 17,0 0 0
12 4 24,0 0 0
11 26 17,0 0 0
18 4 17,0 0 0
0 17 13,0 0 0
12 4 24,0 0 0
0 17 13,0 0 0
2 0 21,0 0 0
19 10 18,0 0 0
12 8 16,0 0 0
22 26 3,0 0 0
0 17 13,0 0 0
12 8 16,0 0 0
2 14 13,0 9 0
6 12 19,0 0 0
10 8 17,0 0 0
11 26 5,0 0 0
10 8 17,0 0 0
20 17 1,0 0 0
9 26 22,0 0 0
12 4 24,0 0 0
10 26 24,0 0 0
1 26 7,0 0 0
0 17 13,0 0 0
0 17 13,0 0 0
0 26 9,0 0 0
10 8 17,0 0 0
2 26 0,0 0 0
0 17 13,0 0 0
20 17 1,0 0 0
12 4 24,0 0 0
20 17 1,0 0 0
20 17 1,0 0 0
18 14 11,0 0 0
0 17 6,0 0 0
9 26 19,0 0 0
0 17 6,0 0 0
7 0 22,0 0 0
12 8 16,0 0 0
12 4 24,0 0 0
13 26 5,0 0 0
2 26 0,0 0 0
10 14 12,0 0 0
0 17 13,0 0 0
1 26 11,0 0 0
12 14 16,0 0 0
20 17 1,0 0 0
3 26 5,0 0 0
17 0 5,0 0 0
19 4 11,0 0 0
11 26 12,0 0 0
22 26 22,0 0 0
12 4 24,0 0 0
0 17 13,0 0 0
15 8 19,0 0 0
4 26 7,0 0 0
19 4 11,0 0 0
10 8 19,0 0 0
0 17 13,0 0 0
2 26 0,0 0 0
13 14 21,0 0 0
13 26 4,0 0 0
2 26 0,0 0 0
13 0 12,0 3 0
11 4 21,0 5 0
20 17 1,0 0 0
11 26 1,0 0 0
0 17 13,0 0 0
19 4 11,0 0 0
10 8 17,0 0 0
2 26 0,0 0 0
11 26 17,0 0 0
0 17 6,0 0 0
7 26 5,0 0 0
12 4 24,0 0 0
17 14 1,0 0 0
10 8 17,0 0 0
0 17 13,0 0 0
0 17 13,0 0 0
18 0 21,0 0 0
10 8 19,0 0 0
0 17 13,0 0 0
0 17 13,0 0 0
8 26 12,0 0 0
18 3 19,0 4 0
11 26 1,0 0 0
7 9 23,0 0 0
10 8 17,0 0 0
19 4 11,0 0 0
7 26 11,0 0 0
9 0 21,0 5 0
12 4 24,0 0 0
17 14 1,0 0 0
0 17 13,0 0 0
19 26 16,0 0 0
12 20 0,0 9 0
0 26 9,0 0 0
0 26 15,0 0 0
17 14 1,0 0 0
0 17 13,0 0 0
12 4 24,0 0 0
17 0 5,0 0 0
14 26 4,0 0 0
7 0 12,0 0 0
0 17 13,0 0 0
4 26 3,0 0 0
0 17 13,0 0 0
22 26 3,0 0 0
11 0 12,0 0 0
0 17 13,0 0 0
0 17 13,0 0 0
21 8 18,0 0 0
14 26 4,0 0 0
0 17 13,0 0 0
0 17 13,0 0 0
18 0 21,0 0 0
10 8 17,0 0 0
12 4 24,0 0 0
0 25 13,0 0 0
2 26 21,0 0 0
17 14 1,0 0 0
0 17 13,0 0 0
14 26 4,0 0 0
0 17 13,0 0 0
0 17 13,0 0 0
20 17 1,0 0 0
0 17 13,0 0 0
2 26 7,0 0 0
18 0 21,0 0 0
6 26 9,0 0 0
5 26 12,0 0 0
10 14 12,0 0 0
11 26 17,0 0 0
17 14 1,0 0 0
2 0 21,0 0 0
17 14 1,0 0 0
0 17 13,0 0 0
12 4 24,0 0 0
12 14 16,0 0 0
20 17 1,0 0 0
0 17 13,0 0 0
18 14 13,0 5 0
19 4 11,0 0 0
22 26 3,0 0 0
10 8 19,0 0 0
8 26 12,0 0 0
12 8 16,0 0 0
0 17 13,0 0 0
10 8 17,0 0 0
12 4 24,0 0 0
9 26 1,0 0 0
10 8 17,0 0 0
14 26 14,0 0 0
10 8 3,0 0 0
18 0 21,0 0 0
5 26 10,0 0 0
5 26 13,0 0 0
10 8 17,0 0 0
0 17 13,0 0 0
0 17 13,0 0 0
18 0 21,0 0 0
20 17 1,0 0 0
15 26 8,0 0 0
12 4 24,0 0 0
11 26 14,0 0 0
2 26 0,0 0 0
0 17 6,0 0 0
12 4 24,0 0 0
19 26 9,0 0 0
19 4 11,0 0 0
11 26 17,0 0 0
9 26 11,0 0 0
0 17 13,0 0 0
17 0 5,0 0 0
2 26 21,0 0 0
23 26 24,0 0 0
2 12 19,0 0 0
10 14 12,0 0 0
17 26 4,0 0 0
18 0 21,0 0 0
0 26 22,0 0 0
12 26 4,0 0 0
18 0 21,0 0 0
17 26 4,0 0 0
7 0 22,0 0 0
12 4 24,0 0 0
0 17 13,0 0 0
20 17 1,0 0 0
0 17 13,0 0 0
5 26 10,0 0 0
18 26 18,0 0 0
15 8 19,0 0 0
18 26 7,0 0 0
7 8 2,0 0 0
12 4 24,0 0 0
17 14 1,0 0 0
20 17 1,0 0 0
0 17 13,0 0 0
7 26 18,0 0 0
15 26 3,0 0 0
10 8 19,0 0 0
18 0 21,0 0 0
8 21 5,0 0 0
10 8 17,0 0 0
12 4 24,0 0 0
0 17 13,0 0 0
11 26 14,0 0 0
12 4 24,0 0 0
12 4 19,0 22 0
22 26 3,0 0 0
1 26 11,0 0 0
18 26 24,0 0 0
12 4 24,0 0 0
0 17 13,0 0 0
0 17 13,0 0 0
0 17 13,0 0 0
13 26 4,0 0 0
9 20 25,0 0 0
19 4 11,0 0 0
13 26 23,0 0 0
17 14 1,0 0 0
8 26 12,0 0 0
10 8 19,0 0 0
21 0 14,0 9 0
18 0 21,0 0 0
22 26 7,0 0 0
20 17 1,0 0 0
10 8 19,0 0 0
0 17 13,0 0 0
0 17 6,0 0 0
11 26 4,0 0 0
20 17 1,0 0 0
0 17 13,0 0 0
2 26 1,0 0 0
18 0 21,0 0 0
10 8 19,0 0 0
22 26 19,0 0 0
0 17 13,0 0 0
17 14 1,0 0 0
13 0 14,0 9 0
0 17 13,0 0 0
12 8 16,0 0 0
19 0 2,0 8 0
17 14 1,0 0 0
12 4 24,0 0 0
9 26 11,0 0 0
10 8 19,0 0 0
15 21 18,0 0 0
0 17 13,0 0 0
17 14 1,0 0 0
15 26 8,0 0 0
19 2 13,0 0 0
2 26 0,0 0 0
19 4 11,0 0 0
20 26 12,11 0 0
18 0 21,0 0 0
11 26 15,0 0 0
12 26 14,0 0 0
11 4 21,0 5 0
11 26 14,0 0 0
12 4 24,0 0 0
13 26 4,0 0 0
12 4 24,0 0 0
10 8 17,0 0 0
8 26 12,0 0 0
12 26 6,0 0 0
21 8 18,0 0 0
11 26 17,0 0 0
8 26 12,0 0 0
11 26 17,0 0 0
20 17 1,0 0 0
19 4 11,0 0 0
8 26 12,0 0 0
0 11 11,0 0 0
0 17 13,0 0 0
0 17 13,0 0 0
0 17 13,0 0 0
19 4 11,0 0 0
18 0 21,0 0 0
0 17 13,0 0 0
20 17 1,0 0 0
17 14 1,0 0 0
0 17 13,0 0 0
0 17 13,0 0 0
5 26 13,0 0 0
17 0 5,0 0 0
17 26 4,0 0 0
12 4 24,0 0 0
0 17 13,0 0 0
20 17 1,0 0 0
10 26 10,0 0 0
12 14 16,0 0 0
17 14 1,0 0 0
12 4 24,0 0 0
5 26 9,0 0 0
0 17 13,0 0 0
2 26 7,0 0 0
10 8 17,0 0 0
8 4 11,0 0 0
3 26 13,0 0 0
0 17 13,0 0 0
13 0 12,0 3 0
15 26 8,0 0 0
11 4 21,0 5 0
0 17 13,0 0 0
10 8 17,0 0 0
10 8 17,0 0 0
10 8 17,0 0 0
9 26 1,0 0 0
0 17 13,0 0 0
10 8 17,0 0 0
21 0 17,0 0 0
10 8 19,0 0 0
20 17 1,0 0 0
18 26 18,0 0 0
11 26 17,0 0 0
17 14 1,0 0 0
8 15 14,0 0 0
21 8 18,0 0 0
18 0 21,0 0 0
17 26 4,0 0 0
9 26 22,0 0 0
12 14 2,0 6 0
17 14 1,0 0 0
17 14 1,0 0 0
10 8 17,0 0 0
12 4 24,0 0 0
0 17 13,0 0 0
7 4 19,0 5 0
0 26 12,0 0 0
17 14 1,0 0 0
0 17 13,0 0 0
20 17 1,0 0 0
0 17 13,0 0 0
12 4 24,0 0 0
12 4 24,0 0 0
17 14 1,0 0 0
0 17 13,0 0 0
12 4 24,0 0 0
19 4 11,0 0 0
0 17 13,0 0 0
12 4 24,0 0 0
17 26 18,0 0 0
20 17 1,0 0 0
0 17 13,0 0 0
21 13 3,0 0 0
10 14 12,0 0 0
0 17 13,0 0 0
12 4 24,0 0 0
19 26 19,0 0 0
12 8 16,0 0 0
0 17 13,0 0 0
0 17 13,0 0 0
10 26 6,0 0 0
3 26 13,0 0 0
5 4 3,0 0 0
10 8 19,0 0 0
0 17 13,0 0 0
12 4 24,0 0 0
0 17 13,0 0 0
18 0 21,0 0 0
0 17 13,0 0 0
10 8 17,0 0 0
0 17 6,0 0 0
19 26 19,0 0 0
10 8 17,0 0 0
0 17 13,0 0 0
12 4 24,0 0 0
12 4 24,0 0 0
12 4 24,0 0 0
4 26 7,0 0 0
0 17 13,0 0 0
11 26 15,0 0 0
0 17 13,0 0 0
18 0 21,0 0 0
13 26 4,0 0 0
0 17 13,0 0 0
2 26 0,0 0 0
11 26 17,0 0 0
10 26 17,0 0 0
0 17 13,0 0 0
18 0 21,0 0 0
3 14 8,4 23 0
3 26 5,0 0 0
20 17 1,0 0 0
13 26 4,0 0 0
0 17 13,0 0 0
8 26 12,0 0 0
8 26 12,0 0 0
13 26 4,0 0 0
10 8 17,0 0 0
1 0 11,0 0 0
11 0 12,0 0 0
12 14 16,0 0 0
9 26 19,0 0 0
17 26 4,0 0 0
11 26 0,0 0 0
4 26 7,0 0 0
10 8 17,0 0 0
7 26 4,0 0 0
19 26 19,0 0 0
11 26 17,0 0 0
7 26 1,0 0 0
19 4 11,0 0 0
7 4 24,0 0 0
17 14 1,0 0 0
17 0 5,0 0 0
12 4 24,0 0 0
18 0 21,0 0 0
19 4 11,0 0 0
7 4 24,0 0 0
1 26 7,0 0 0
0 17 13,0 0 0
19 14 19,0 6 0
0 17 13,0 0 0
1 26 11,0 0 0
3 26 3,0 0 0
20 17 1,0 0 0
22 26 0,0 0 0
22 26 19,0 0 0
8 26 2,0 0 0
10 26 10,0 0 0
0 17 13,0 0 0
17 26 4,0 0 0
10 8 17,0 0 0
8 26 12,0 0 0
17 14 1,0 0 0
0 17 13,0 0 0
12 4 24,0 0 0
12 14 16,0 0 0
20 17 1,0 0 0
0 17 13,0 0 0
0 26 9,0 0 0
8 26 12,0 0 0
6 12 19,0 0 0
0 17 13,0 0 0
0 17 13,0 0 0
10 8 19,0 0 0
18 0 21,0 0 0
0 17 13,0 0 0
0 17 13,0 0 0
18 0 12,0 0 0
7 4 24,0 0 0
0 17 13,0 0 0
12 8 16,0 0 0
12 4 24,0 0 0
19 26 19,0 0 0
21 13 3,0 0 0
12 4 24,0 0 0
22 26 3,0 0 0
19 4 11,0 0 0
0 17 13,0 0 0
9 26 2,0 0 0
0 17 13,0 0 0
8 26 12,0 0 0
0 17 13,0 0 0
21 0 14,0 9 0
0 17 13,0 0 0
12 4 24,0 0 0
10 8 17,0 0 0
17 0 5,0 0 0
10 8 17,0 0 0
10 8 19,0 0 0
17 14 1,0 0 0
20 17 1,0 0 0
13 26 4,0 0 0
17 26 11,0 0 0
13 26 4,0 0 0
22 26 19,0 0 0
3 14 8,4 23 0
22 26 0,0 0 0
10 8 17,0 0 0
10 8 17,0 0 0
9 26 22,0 0 0
12 14 16,0 0 0
12 4 24,0 0 0
0 26 9,0 0 0
10 8 19,0 0 0
15 26 12,0 0 0
13 0 14,0 9 0
0 26 2,0 0 0
12 4 24,0 0 0
11 0 7,0 0 0
0 26 9,0 0 0
1 26 3,0 0 0
2 26 15,0 0 0
10 8 17,0 0 0
13 26 4,0 0 0
10 26 17,0 0 0
0 17 13,0 0 0
0 11 11,0 0 0
11 26 0,0 0 0
10 14 12,0 0 0
0 26 9,0 0 0
0 17 13,0 0 0
0 17 13,0 0 0
0 17 13,0 0 0
17 0 5,0 0 0
10 8 19,0 0 0
19 4 11,0 0 0
0 26 11,0 0 0
0 17 13,0 0 0
15 26 8,0 0 0
11 4 21,0 5 0
12 4 24,0 0 0
18 0 21,0 0 0
9 26 11,0 0 0
0 17 13,0 0 0
8 26 12,0 0 0
18 0 12,0 0 0
19 26 19,0 0 0
14 13 6,2 0 0
17 26 4,0 0 0
0 17 13,0 0 0
8 26 12,0 0 0
13 26 8,0 0 0
20 17 1,0 0 0
10 8 17,0 0 0
0 17 13,0 0 0
22 26 2,0 0 0
20 17 1,0 0 0
0 17 13,0 0 0
0 15 17,0 0 0
0 17 13,0 0 0
0 17 13,0 0 0
1 26 11,0 0 0
10 8 17,0 0 0
0 17 13,0 0 0
5 8 11,0 0 0
20 17 1,0 0 0
17 14 1,0 0 0
12 4 24,0 0 0
10 8 19,0 0 0
0 26 9,0 0 0
13 0 12,0 3 0
19 4 11,0 0 0
10 8 17,0 0 0
22 26 0,0 0 0
12 4 24,0 0 0
10 26 10,0 0 0
10 8 17,0 0 0
11 4 21,0 5 0
0 17 13,0 0 0
2 26 1,0 0 0
20 17 1,0 0 0
12 4 24,0 0 0
0 17 13,0 0 0
12 26 0,0 0 0
0 17 13,0 0 0
0 26 22,0 0 0
11 0 6,0 0 0
17 14 1,0 0 0
17 14 1,0 0 0
10 8 17,0 0 0
12 14 16,0 0 0
10 26 1,0 0 0
0 26 15,0 0 0
17 0 17,0 0 0
0 17 13,0 0 0
10 8 17,0 0 0
12 26 14,0 0 0
1 26 3,0 0 0
10 26 10,0 0 0
0 17 13,0 0 0
15 26 6,0 0 0
19 4 11,0 0 0
18 0 21,0 0 0
2 26 0,0 0 0
0 17 13,0 0 0
12 4 24,0 0 0
11 26 10,0 0 0
9 0 12,0 0 0
20 17 1,0 0 0
10 8 19,0 0 0
2 26 0,0 0 0
11 4 21,0 5 0
11 14 15,0 7 0
3 26 13,0 0 0
12 26 6,0 0 0
0 17 13,0 0 0
0 17 13,0 0 0
2 26 15,0 0 0
11 0 12,0 0 0
8 26 12,0 0 0
6 26 18,0 0 0
12 4 24,0 0 0
10 14 12,0 0 0
10 8 17,0 0 0
13 26 4,0 0 0
24 26 2,0 0 0
13 26 19,0 0 0
0 17 13,0 0 0
12 4 24,0 0 0
17 26 3,0 0 0
17 14 1,0 0 0
18 4 19,0 0 0
22 26 19,0 0 0
12 14 17,0 0 0
17 14 1,0 0 0
19 4 11,0 0 0
24 26 7,0 0 0
2 26 4,0 0 0
12 4 24,0 0 0
1 14 19,0 0 0
19 14 8,0 1 0
11 26 17,0 0 0
0 17 13,0 0 0
0 26 22,0 0 0
0 17 13,0 0 0
12 4 24,0 0 0
17 0 5,0 0 0
13 26 4,0 0 0
2 26 0,0 0 0
10 8 19,0 0 0
8 26 12,0 0 0
0 17 13,0 0 0
12 4 24,0 0 0
0 17 13,0 0 0
0 17 13,0 0 0
12 4 24,0 0 0
0 11 11,0 0 0
20 17 1,0 0 0
0 17 13,0 0 0
20 17 1,0 0 0
12 4 24,0 0 0
0 17 13,0 0 0
17 26 4,0 0 0
0 17 13,0 0 0
18 3 19,0 4 0
11 26 10,0 0 0
19 4 11,0 0 0
0 17 13,0 0 0
13 0 12,0 3 0
20 17 1,0 0 0
18 0 21,0 0 0
14 26 4,0 0 0
12 4 24,0 0 0
12 4 24,0 0 0
10 26 10,0 0 0
19 7 8,0 0 9
22 26 0,0 0 0
12 4 24,0 0 0
0 17 13,0 0 0
20 17 1,0 0 0
12 4 24,0 0 0
14 26 4,0 0 0
0 17 13,0 0 0
10 14 12,0 0 0
12 4 24,0 0 0
0 17 13,0 0 0
1 26 11,0 0 0
17 26 4,0 0 0
0 17 13,0 0 0
10 4 19,0 6 0
12 4 24,0 0 0
12 8 16,0 0 0
12 4 24,0 0 0
0 17 13,0 0 0
0 17 13,0 0 0
13 26 4,0 0 0
13 26 4,0 0 0
12 4 24,0 0 0
20 17 1,0 0 0
0 26 12,0 0 0
17 0 8,0 0 0
1 26 0,0 0 0
10 8 19,0 0 0
1 26 21,0 0 0
11 26 17,0 0 0
12 4 24,0 0 0
0 17 13,0 0 0
12 4 24,0 0 0
11 4 21,0 5 0
0 17 13,0 0 0
1 14 19,0 0 0
0 17 13,0 0 0
13 26 4,0 0 0
3 0 8,0 21 0
0 17 13,0 0 0
0 17 13,0 0 0
19 26 5,0 0 0
21 0 14,0 9 0
17 14 1,0 0 0
8 26 12,0 0 0
13 24 0,0 0 0
12 4 24,0 0 0
7 4 24,0 0 0
20 17 1,0 0 0
18 2 7,0 0 0
10 26 6,0 0 0
18 0 21,0 0 0
0 17 13,0 0 0
5 26 10,0 0 0
8 26 12,0 0 0
14 26 4,0 0 0
0 17 13,0 0 0
1 0 11,0 0 0
10 8 17,0 0 0
17 0 5,0 0 0
13 0 12,0 3 0
10 8 19,0 0 0
0 17 13,0 0 0
0 17 13,0 0 0
2 26 0,0 0 0
12 4 24,0 0 0
18 3 19,0 4 0
0 17 13,0 0 0
10 8 17,0 0 0
2 26 0,0 0 0
18 0 21,0 0 0
13 7 14,0 0 11
12 4 24,0 0 0
14 26 4,0 0 0
12 4 24,0 0 0
12 18 18,0 0 0
0 26 12,0 0 0
13 0 12,0 3 0
12 4 24,0 0 0
19 26 5,0 0 0
0 17 13,0 0 0
0 17 13,0 0 0
10 8 19,0 0 0
12 26 0,0 0 0
10 14 12,0 0 0
14 26 4,0 0 0
19 4 11,0 0 0
1 8 15,0 0 0
10 8 17,0 0 0
0 17 13,0 0 0
0 17 13,0 0 0
11 26 14,0 0 0
17 4 5,0 0 0
2 26 0,0 0 0
18 0 21,0 0 0
20 17 1,0 0 0
0 17 13,0 0 0
12 14 3,0 0 0
7 26 4,0 0 0
12 14 16,0 0 0
2 26 1,0 0 0
0 17 13,0 0 0
8 26 12,0 0 0
12 4 24,0 0 0
12 4 24,0 0 0
19 4 11,0 0 0
10 26 17,0 0 0
0 17 13,0 0 0
8 26 12,0 0 0
7 0 22,0 0 0
7 0 22,0 0 0
17 0 5,0 0 0
12 4 24,0 0 0
12 4 24,0 0 0
7 26 4,0 0 0
22 26 0,0 0 0
0 15 17,0 0 0
0 17 13,0 0 0
11 26 10,0 0 0
19 4 11,0 0 0
0 17 13,0 0 0
18 26 18,0 0 0
10 8 19,0 0 0
10 8 17,0 0 0
0 17 13,0 0 0
0 17 13,0 0 0
12 14 16,0 0 0
3 26 21,0 0 0
19 4 11,0 0 0
11 26 15,0 0 0
18 0 21,0 0 0
11 4 21,0 5 0
8 26 22,0 0 0
12 14 8,0 7 0
1 14 19,0 0 0
10 26 10,0 0 0
7 26 4,0 0 0
10 8 17,0 0 0
0 17 6,0 0 0
2 26 0,0 0 0
12 4 24,0 0 0
21 13 3,0 0 0
10 8 19,0 0 0
0 17 13,0 0 0
1 8 15,0 0 0
12 8 16,0 0 0
12 4 24,0 0 0
8 13 3,0 0 0
12 4 24,0 0 0
10 8 19,0 0 0
14 26 4,0 0 0
11 26 0,0 0 0
19 26 5,0 0 0
12 4 24,0 0 0
7 0 12,0 0 0
8 26 12,0 0 0
0 17 13,0 0 0
18 0 21,0 0 0
10 8 17,0 0 0
1 0 8,0 9 0
10 8 17,0 0 0
0 17 13,0 0 0
17 24 14,0 0 0
18 0 21,0 0 0
11 26 10,0 0 0
12 4 24,0 0 0
17 4 18,0 0 0
0 17 13,0 0 0
0 17 13,0 0 0
12 26 11,0 0 0
18 2 7,0 0 0
9 26 22,0 0 0
0 17 13,0 0 0
20 17 1,0 0 0
10 26 10,0 0 0
2 26 0,0 0 0
12 26 5,0 0 0
8 26 12,0 0 0
12 4 24,0 0 0
18 14 11,0 0 0
10 8 19,0 0 0
20 17 1,0 0 0
18 26 19,0 0 0
0 17 13,0 0 0
19 19 14,0 0 0
12 8 16,0 0 0
13 4 14,0 0 0
22 26 19,0 0 0
1 4 6,0 5 0
12 4 19,0 22 0
12 4 24,0 0 0
13 26 22,0 0 0
11 26 14,0 0 0
12 4 24,0 0 0
15 26 5,0 0 0
3 26 13,0 0 0
15 26 8,0 0 0
0 17 13,0 0 0
12 4 24,0 0 0
20 17 1,0 0 0
12 4 24,0 0 0
4 26 7,0 0 0
0 17 13,0 0 0
0 17 13,0 0 0
12 4 24,0 0 0
0 17 13,0 0 0
7 0 12,0 0 0
1 26 11,0 0 0
0 17 13,0 0 0
13 0 12,0 3 0
4 26 7,0 0 0
1 0 24,0 13 0
12 4 24,0 0 0
8 8 3,0 0 0
10 8 17,0 0 0
17 14 1,0 0 0
12 14 16,0 0 0
0 17 13,0 0 0
19 26 5,0 0 0
18 0 21,0 0 0
0 17 13,0 0 0
12 8 16,0 0 0
2 0 21,0 0 0
11 26 17,0 0 0
8 26 2,0 0 0
3 26 21,0 0 0
10 8 17,0 0 0
1 26 11,0 0 0
3 20 12,0 0 0
2 26 21,0 0 0
0 17 13,0 0 0
12 4 24,0 0 0
20 17 1,0 0 0
18 2 7,0 0 0
11 26 17,0 0 0
0 26 2,0 0 0
10 26 10,0 0 0
12 4 24,0 0 0
20 17 1,0 0 0
12 4 24,0 0 0
10 8 19,0 0 0
14 26 4,0 0 0
10 8 17,0 0 0
0 17 13,0 0 0
22 26 3,0 0 0
1 0 13,0 9 0
0 17 13,0 0 0
20 17 1,0 0 0
10 8 19,0 0 0
2 26 0,0 0 0
8 26 12,0 0 0
18 26 10,0 0 0
0 17 13,0 0 0
12 8 16,0 0 0
10 8 17,0 0 0
19 4 11,0 0 0
14 26 4,0 0 0
7 0 22,0 0 0
9 20 25,0 0 0
0 17 13,0 0 0
22 26 3,0 0 0
10 8 19,0 0 0
18 0 21,0 0 0
0 17 13,0 0 0
0 17 13,0 0 0
18 0 21,0 0 0
0 17 13,0 0 0
18 0 21,0 0 0
11 26 17,0 0 0
10 26 24,0 0 0
19 7 23,0 0 0
11 26 10,0 0 0
0 17 13,0 0 0
10 8 17,0 0 0
12 8 16,0 0 0
0 17 13,0 0 0
18 3 19,0 4 0
0 17 13,0 0 0
11 26 17,0 0 0
0 11 14,0 0 0
8 26 12,0 0 0
10 26 6,0 0 0
17 14 1,0 0 0
15 15 19,0 0 0
4 26 7,0 0 0
11 26 17,0 0 0
9 26 11,0 0 0
15 26 8,0 0 0
20 17 1,0 0 0
9 20 25,0 0 0
0 17 13,0 0 0
19 4 11,0 0 0
0 17 13,0 0 0
17 26 12,0 0 0
12 4 24,0 0 0
10 8 19,0 0 0
12 4 24,0 0 0
17 0 5,0 0 0
10 8 17,0 0 0
0 17 13,0 0 0
12 4 24,0 0 0
12 4 24,0 0 0
10 8 17,0 0 0
4 13 6,0 0 0
10 8 19,0 0 0
0 26 22,0 0 0
20 17 1,0 0 0
17 26 18,0 0 0
5 0 23,0 0 0
19 4 19,0 21 0
10 8 17,0 0 0
0 17 13,0 0 0
0 17 13,0 0 0
10 8 17,0 0 0
8 26 2,0 0 0
12 4 24,0 0 0
0 17 13,0 0 0
0 17 13,0 0 0
10 8 19,0 0 0
0 17 13,0 0 0
0 26 9,0 0 0
10 8 17,0 0 0
19 4 11,0 0 0
0 17 13,0 0 0
0 17 13,0 0 0
17 0 5,0 0 0
2 26 11,0 0 0
12 4 24,0 0 0
13 26 6,0 0 0
12 4 24,0 0 0
5 26 10,0 0 0
0 17 13,0 0 0
0 26 22,0 0 0
11 26 14,0 0 0
5 26 10,0 0 0
19 4 11,0 0 0
0 17 13,0 0 0
1 8 15,0 0 0
0 17 13,0 0 0
20 17 1,0 0 0
12 4 24,0 0 0
3 14 8,4 11 0
3 26 13,0 0 0
10 8 19,0 0 0
1 26 11,0 0 0
17 14 1,0 0 0
0 17 13,0 0 0
18 0 21,0 0 0
19 4 11,0 0 0
0 17 13,0 0 0
6 12 19,0 0 0
0 17 13,0 0 0
17 0 5,0 0 0
9 26 22,0 0 0
9 20 25,0 0 0
14 26 4,0 0 0
17 14 1,0 0 0
20 17 1,0 0 0
12 8 16,0 0 0
12 4 22,0 0 0
12 4 24,0 0 0
0 17 13,0 0 0
17 14 1,0 0 0
18 0 21,0 0 0
11 26 3,0 0 0
11 26 14,0 0 0
11 4 21,0 5 0
1 26 11,0 0 0
11 26 17,0 0 0
12 8 16,0 0 0
10 8 17,0 0 0
8 26 12,0 0 0
18 0 21,0 0 0
2 26 0,0 0 0
13 26 5,0 0 0
12 4 24,0 0 0
12 4 24,0 0 0
8 26 12,0 0 0
16 20 0,0 0 5
17 0 5,0 0 0
2 26 0,0 0 0
19 4 11,0 0 0
12 8 20,0 0 0
17 0 5,0 0 0
0 17 13,0 0 0
0 17 13,0 0 0
10 8 19,0 0 0
17 0 5,0 0 0
1 26 11,0 0 0
12 4 24,0 0 0
11 26 14,0 0 0
0 26 22,0 0 0
11 26 17,0 0 0
18 3 19,0 4 0
21 8 18,0 0 0
13 20 3,0 0 0
10 8 17,0 0 0
0 17 13,0 0 0
13 14 22,0 0 0
15 26 6,0 0 0
10 26 6,0 0 0
12 8 16,0 0 0
1 8 15,0 0 0
20 0 4,0 0 0
9 26 19,0 0 0
20 17 1,0 0 0
12 8 16,0 0 0
13 0 12,0 8 0
0 17 13,0 0 0
0 17 13,0 0 0
10 8 17,0 0 0
0 17 13,0 0 0
0 17 13,0 0 0
12 4 24,0 0 0
10 8 19,0 0 0
11 26 17,0 0 0
19 20 11,0 0 0
18 4 17,0 0 0
8 26 12,0 0 0
0 17 13,0 0 0
18 0 21,0 0 0
0 17 13,0 0 0
0 17 13,0 0 0
12 4 24,0 0 0
20 17 1,0 0 0
2 26 0,0 0 0
18 0 21,0 0 0
11 26 17,0 0 0
0 17 13,0 0 0
0 17 13,0 0 0
1 26 11,0 0 0
19 4 11,0 0 0
20 17 1,0 0 0
0 17 13,0 0 0
0 17 13,0 0 0
20 17 1,0 0 0
11 26 17,0 0 0
10 8 17,0 0 0
0 17 13,0 0 0
19 26 19,0 0 0
1 0 11,0 0 0
7 4 24,0 0 0
13 14 21,0 0 0
1 26 11,0 0 0
7 24 11,0 0 0
8 13 3,0 0 0
0 17 13,0 0 0
12 8 16,0 0 0
0 26 11,0 0 0
20 17 1,0 0 0
7 26 11,0 0 0
0 17 13,0 0 0
0 13 13,0 0 0
0 17 13,0 0 0
18 0 21,0 0 0
10 8 19,0 0 0
11 26 17,0 0 0
0 26 11,0 0 0
0 17 13,0 0 0
2 26 0,0 0 0
1 26 3,0 0 0
17 14 1,0 0 0
0 17 13,0 0 0
18 0 21,0 0 0
10 8 17,0 0 0
19 4 11,0 0 0
0 17 13,0 0 0
11 26 17,0 0 0
18 0 21,0 0 0
0 17 13,0 0 0
0 17 13,0 0 0
0 17 13,0 0 0
5 26 10,0 0 0
0 17 13,0 0 0
6 12 19,0 0 0
0 17 6,0 0 0
21 0 14,0 9 0
0 17 13,0 0 0
11 26 17,0 0 0
18 0 21,0 0 0
10 8 17,0 0 0
12 4 24,0 0 0
8 26 12,0 0 0
4 3 12,0 0 0
1 26 17,0 0 0
18 0 21,0 0 0
0 26 9,0 0 0
18 3 19,0 4 0
18 0 21,0 0 0
2 26 21,0 0 0
11 26 17,0 0 0
14 26 4,0 0 0
12 4 24,0 0 0
0 17 13,0 0 0
19 26 19,0 0 0
19 4 11,0 0 0
17 14 1,0 0 0
15 13 12,0 0 0
11 26 14,0 0 0
0 17 13,0 0 0
12 4 24,0 0 0
0 17 13,0 0 0
0 17 13,0 0 0
11 26 14,0 0 0
8 26 12,0 0 0
0 17 6,0 0 0
12 4 13,0 5 0
19 4 11,0 0 0
4 13 6,0 0 0
0 17 13,0 0 0
11 26 10,0 0 0
0 17 13,0 0 0
12 8 16,0 0 0
11 26 15,0 0 0
20 17 1,0 0 0
18 0 21,0 0 0
0 17 13,0 0 0
15 8 19,0 0 0
11 26 7,0 0 0
18 0 21,0 0 0
0 17 13,0 0 0
13 26 4,0 0 0
0 17 13,0 0 0
13 26 19,0 0 0
11 26 14,0 0 0
22 26 3,0 0 0
0 17 13,0 0 0
11 4 21,0 5 0
18 0 21,0 0 0
0 17 13,0 0 0
9 26 1,0 0 0
17 0 5,0 0 0
17 14 1,0 0 0
14 26 4,0 0 0
18 26 15,0 0 0
0 26 9,0 0 0
0 17 13,0 0 0
0 17 13,0 0 0
0 17 13,0 0 0
20 17 1,0 0 0
12 8 16,0 0 0
20 17 1,0 0 0
19 4 13,0 0 0
17 14 1,0 0 0
10 8 19,0 0 0
17 26 0,0 0 0
10 26 6,0 0 0
4 26 7,0 0 0
11 0 12,0 0 0
8 26 12,0 0 0
18 0 21,0 0 0
11 0 6,0 0 0
12 26 6,0 0 0
12 4 24,0 0 0
11 26 17,0 0 0
2 26 0,0 0 0
20 17 1,0 0 0
2 26 21,0 0 0
12 4 24,0 0 0
10 8 17,0 0 0
18 4 17,0 0 0
20 17 1,0 0 0
10 8 17,0 0 0
0 17 13,0 0 0
18 0 21,0 0 0
0 17 13,0 0 0
20 17 1,0 0 0
18 26 11,0 0 0
18 0 21,0 0 0
10 8 17,0 0 0
10 8 17,0 0 0
12 4 24,0 0 0
10 8 17,0 0 0
14 26 4,0 0 0
13 26 15,0 0 0
1 8 15,0 0 0
9 26 11,0 0 0
0 17 13,0 0 0
13 4 19,0 0 0
3 26 5,0 0 0
0 26 3,0 0 0
10 14 12,0 0 0
0 17 13,0 0 0
20 17 1,0 0 0
5 26 10,0 0 0
21 20 10,0 0 0
12 14 2,0 6 0
12 14 16,0 0 0
11 26 17,0 0 0
7 26 4,0 0 0
0 17 13,0 0 0
8 26 12,0 0 0
2 26 0,0 0 0
17 14 1,0 0 0
11 26 17,0 0 0
20 17 1,0 0 0
0 17 13,0 0 0
7 26 4,0 0 0
8 4 11,0 0 0
10 14 12,0 0 0
20 17 1,0 0 0
0 17 13,0 0 0
18 2 7,0 0 0
2 20 15,0 0 0
10 8 19,0 0 0
11 26 14,0 0 0
17 14 1,0 0 0
13 1 12,0 0 0
0 17 13,0 0 0
0 17 13,0 0 0
1 26 11,0 0 0
10 8 19,0 0 0
3 20 2,0 21 0
0 17 13,0 0 0
12 4 24,0 0 0
7 26 4,0 0 0
8 26 12,0 0 0
10 8 17,0 0 0
1 26 11,0 0 0
12 8 16,0 0 0
0 17 13,0 0 0
10 8 17,0 0 0
0 17 13,0 0 0
0 17 13,0 0 0
0 17 13,0 0 0
10 8 19,0 0 0
0 17 13,0 0 0
0 17 13,0 0 0
11 0 12,0 0 0
13 0 12,0 3 0
11 26 17,0 0 0
5 4 3,0 0 0
15 8 19,0 0 0
12 4 24,0 0 0
10 8 17,0 0 0
13 20 3,0 0 0
18 0 21,0 0 0
22 26 19,0 0 0
7 8 2,0 0 0
10 8 17,0 0 0
0 17 13,0 0 0
0 17 13,0 0 0
18 0 21,0 0 0
2 0 12,0 0 0
3 20 14,0 2 7
2 7 7,0 0 0
0 17 13,0 0 0
19 26 19,0 0 0
11 4 21,0 5 0
11 4 21,0 5 0
0 17 13,0 0 0
17 0 5,0 0 0
8 26 12,0 0 0
18 0 21,0 0 0
0 17 13,0 0 0
17 14 1,0 0 0
10 26 10,0 0 0
7 8 2,0 5 0
17 14 1,0 0 0
18 6 19,0 0 0
21 13 3,0 0 0
7 26 11,0 0 0
7 26 5,0 0 0
12 8 16,0 0 0
0 17 13,0 0 0
6 20 20,0 0 0
2 26 21,0 0 0
4 26 0,0 0 0
18 19 10,0 0 0
11 26 14,0 0 0
12 4 24,0 0 0
11 26 17,0 0 0
12 26 0,0 0 0
10 26 17,0 0 0
10 8 17,0 0 0
0 17 13,0 0 0
0 17 13,0 0 0
10 8 19,0 0 0
12 4 24,0 0 0
0 26 22,0 0 0
19 4 11,0 0 0
7 26 11,0 0 0
12 4 24,0 0 0
10 26 10,0 0 0
0 17 13,0 0 0
6 4 13,0 0 0
2 26 1,0 0 0
9 20 25,0 0 0
8 26 12,0 0 0
2 26 21,0 0 0
17 14 1,0 0 0
10 8 19,0 0 0
18 0 21,0 0 0
12 4 24,0 0 0
11 26 15,0 0 0
20 17 1,0 0 0
15 26 8,0 0 0
0 17 13,0 0 0
18 4 17,0 0 0
0 17 13,0 0 0
9 20 25,0 0 0
10 8 17,0 0 0
2 26 1,0 0 0
17 14 1,0 0 0
0 17 13,0 0 0
10 8 17,0 0 0
9 20 25,0 0 0
13 26 4,0 0 0
12 14 17,0 0 0
19 26 19,0 0 0
9 26 22,0 0 0
0 17 13,0 0 0
11 0 12,0 0 0
11 26 17,0 0 0
12 26 11,0 0 0
17 26 4,0 0 0
18 3 19,0 4 0
0 17 13,0 0 0
11 4 21,0 5 0
10 8 19,0 0 0
0 17 13,0 0 0
11 0 12,0 0 0
12 4 24,0 0 0
10 8 17,0 0 0
19 4 11,0 0 0
10 8 17,0 0 0
4 26 4,0 0 0
0 17 13,0 0 0
20 17 1,0 0 0
8 26 12,0 0 0
12 4 24,0 0 0
0 17 13,0 0 0
10 8 17,0 0 0
0 26 4,0 0 0
